"service_id","monday","tuesday","wednesday","thursday","friday","saturday","sunday","start_date","end_date"
1,1,1,1,1,1,0,0,20250108,20251213
2,0,0,0,0,0,0,0,20250108,20251213
3,1,1,1,1,1,0,0,20250108,20251213
4,1,1,1,1,0,0,0,20250108,20251213
5,1,0,1,0,1,0,0,20250108,20251213
6,0,0,0,0,0,1,0,20250108,20251213
7,1,1,1,1,1,1,1,20250108,20251213
8,1,1,1,1,1,1,0,20250108,20251213
9,0,0,0,0,0,1,1,20250108,20251213
10,1,1,1,1,1,0,1,20250108,20251213
11,0,0,0,0,1,0,0,20250108,20251213
12,0,0,0,0,1,0,0,20250108,20251213
13,0,0,0,0,0,1,0,20250108,20251213
14,0,0,0,0,0,1,1,20250108,20251213
15,0,0,0,0,0,0,1,20250108,20251213
16,0,0,0,0,0,0,0,20250108,20251213
17,0,0,0,0,0,0,0,20250108,20251213
18,0,0,0,0,0,0,0,20250108,20251213
19,1,1,1,1,1,0,0,20250108,20251213
20,0,0,0,0,0,1,1,20250108,20251213
21,0,0,0,0,0,1,0,20250108,20251213
22,1,1,1,1,1,1,0,20250108,20251213
23,1,1,1,1,0,0,0,20250108,20251213
24,1,1,1,1,1,1,1,20250108,20251213
25,0,0,0,0,1,1,0,20250108,20251213
26,0,0,0,0,0,0,1,20250108,20251213
27,0,0,0,0,0,0,0,20250108,20251213
28,0,0,0,0,0,0,0,20250108,20251213
29,0,0,0,0,0,0,0,20250108,20251213
30,0,0,0,0,0,0,0,20250108,20251213
31,0,0,0,0,0,0,0,20250108,20251213
32,0,0,0,0,0,0,0,20250108,20251213
33,0,0,0,0,0,0,0,20250108,20251213
34,0,0,0,0,0,0,0,20250108,20251213
35,0,0,0,0,0,0,0,20250108,20251213
36,0,0,0,0,0,0,0,20250108,20251213
37,0,0,0,0,0,0,0,20250108,20251213
38,0,0,0,0,0,0,0,20250108,20251213
39,0,0,0,0,0,0,0,20250108,20251213
40,0,0,0,0,0,0,0,20250108,20251213
41,0,0,0,0,0,0,0,20250108,20251213
42,0,0,0,0,0,0,0,20250108,20251213
43,0,0,0,0,0,0,0,20250108,20251213
44,0,0,0,0,0,0,0,20250108,20251213
45,0,0,0,0,0,0,0,20250108,20251213
46,1,1,1,1,1,0,1,20250108,20251213
47,0,0,0,0,0,0,1,20250108,20251213
48,0,0,0,0,0,1,1,20250108,20251213
49,0,0,0,0,0,1,1,20250108,20251213
50,0,0,0,0,0,0,0,20250108,20251213
51,1,1,1,1,1,1,0,20250108,20251213
52,0,0,0,0,0,0,0,20250108,20251213
53,0,0,0,0,1,1,0,20250108,20251213
54,0,0,0,0,0,0,0,20250108,20251213
55,0,0,0,0,0,0,0,20250108,20251213
56,0,0,0,0,0,0,0,20250108,20251213
57,0,0,0,0,0,1,1,20250108,20251213
58,0,0,0,0,1,0,0,20250108,20251213
59,1,1,1,1,1,0,0,20250108,20251213
60,0,0,0,0,0,0,0,20250108,20251213
61,1,1,1,1,0,0,0,20250108,20251213
62,0,0,0,0,1,0,0,20250108,20251213
63,1,1,1,1,0,0,1,20250108,20251213
64,1,1,1,1,1,1,1,20250108,20251213
65,1,1,1,1,1,1,1,20250108,20251213
66,0,0,0,0,0,0,1,20250108,20251213
67,0,0,0,0,0,1,0,20250108,20251213
68,0,0,0,0,0,0,0,20250108,20251213
69,0,0,0,0,0,0,0,20250108,20251213
70,1,1,1,1,0,1,0,20250108,20251213
71,0,0,0,0,0,0,0,20250108,20251213
72,0,0,0,0,0,0,0,20250108,20251213
73,0,0,0,0,0,0,0,20250108,20251213
74,0,0,0,0,0,0,0,20250108,20251213
75,0,0,0,0,0,0,0,20250108,20251213
76,0,0,0,0,0,0,0,20250108,20251213
77,0,0,0,0,0,0,0,20250108,20251213
78,0,0,0,0,0,0,0,20250108,20251213
79,0,0,0,0,0,0,0,20250108,20251213
80,0,0,0,0,0,0,0,20250108,20251213
81,0,0,0,0,0,0,0,20250108,20251213
82,0,0,0,0,0,0,0,20250108,20251213
83,0,0,0,0,0,0,0,20250108,20251213
84,0,0,0,0,0,0,0,20250108,20251213
85,0,0,0,0,0,0,0,20250108,20251213
86,0,0,0,0,0,0,0,20250108,20251213
87,0,0,0,0,0,0,0,20250108,20251213
88,0,0,0,0,0,0,0,20250108,20251213
89,0,0,0,0,1,1,0,20250108,20251213
90,0,0,0,0,0,0,0,20250108,20251213
91,0,0,0,0,0,0,0,20250108,20251213
92,0,0,0,0,0,0,0,20250108,20251213
93,0,0,0,0,0,0,0,20250108,20251213
94,0,0,0,0,0,0,0,20250108,20251213
95,0,0,0,0,0,0,0,20250108,20251213
96,0,0,0,0,0,0,0,20250108,20251213
97,0,0,0,0,0,0,0,20250108,20251213
98,0,0,0,0,0,0,0,20250108,20251213
99,0,0,0,0,0,0,0,20250108,20251213
100,0,0,0,0,0,0,0,20250108,20251213
101,0,0,0,0,0,0,0,20250108,20251213
102,0,0,0,0,0,0,0,20250108,20251213
103,1,1,1,1,0,1,1,20250108,20251213
104,1,1,1,1,0,0,1,20250108,20251213
105,0,0,0,0,0,0,0,20250108,20251213
106,0,0,0,0,0,0,0,20250108,20251213
107,0,0,0,0,0,0,0,20250108,20251213
108,0,0,0,0,0,0,0,20250108,20251213
109,0,0,0,0,0,0,0,20250108,20251213
110,0,0,0,0,0,0,0,20250108,20251213
111,0,0,0,0,0,0,0,20250108,20251213
112,0,0,0,0,0,0,0,20250108,20251213
113,0,0,0,0,0,0,0,20250108,20251213
114,0,0,0,0,0,0,0,20250108,20251213
115,0,0,0,0,0,0,0,20250108,20251213
116,0,0,0,0,0,0,0,20250108,20251213
117,0,0,0,0,0,0,0,20250108,20251213
118,0,0,0,0,0,0,0,20250108,20251213
119,0,0,0,0,0,0,0,20250108,20251213
120,0,0,0,0,0,0,0,20250108,20251213
121,0,0,0,0,0,0,0,20250108,20251213
122,0,0,0,0,0,0,0,20250108,20251213
123,0,0,0,0,0,0,0,20250108,20251213
124,0,0,0,0,0,0,0,20250108,20251213
125,0,0,0,0,0,0,0,20250108,20251213
126,0,0,0,0,0,0,0,20250108,20251213
127,0,0,0,0,0,0,0,20250108,20251213
128,0,0,0,0,0,0,0,20250108,20251213
129,0,0,0,0,0,0,0,20250108,20251213
130,0,0,0,0,0,0,0,20250108,20251213
131,0,0,0,0,0,0,0,20250108,20251213
132,0,0,0,0,0,0,0,20250108,20251213
133,0,0,0,0,0,0,0,20250108,20251213
134,0,0,0,0,0,0,0,20250108,20251213
135,0,0,0,0,0,0,0,20250108,20251213
136,0,0,0,0,0,0,0,20250108,20251213
137,0,0,0,0,0,0,0,20250108,20251213
138,1,1,1,1,1,1,1,20250108,20251213
139,1,1,1,1,1,1,1,20250108,20251213
140,1,1,1,1,1,1,1,20250108,20251213
141,0,0,0,0,0,0,0,20250108,20251213
142,0,0,0,0,0,0,0,20250108,20251213
143,1,1,1,1,1,1,1,20250108,20251213
144,0,0,0,0,0,0,0,20250108,20251213
145,1,1,1,1,1,1,1,20250108,20251213
146,0,0,0,0,0,0,0,20250108,20251213
147,1,1,1,1,1,1,1,20250108,20251213
148,0,0,0,0,0,0,0,20250108,20251213
149,1,1,1,1,1,1,1,20250108,20251213
150,0,0,0,0,0,0,0,20250108,20251213
151,1,1,1,1,1,1,1,20250108,20251213
152,0,0,0,0,0,0,0,20250108,20251213
153,0,0,0,0,1,1,0,20250108,20251213
154,1,1,1,1,1,0,0,20250108,20251213
155,0,0,0,0,1,0,0,20250108,20251213
156,0,0,0,0,0,0,0,20250108,20251213
157,0,0,0,0,0,0,0,20250108,20251213
158,1,1,1,1,0,0,1,20250108,20251213
159,0,0,0,0,0,1,1,20250108,20251213
160,1,1,1,1,1,1,1,20250108,20251213
161,0,0,0,0,0,1,1,20250108,20251213
162,0,0,0,0,0,0,0,20250108,20251213
163,0,0,0,0,0,0,1,20250108,20251213
164,1,1,1,1,1,0,1,20250108,20251213
165,1,1,1,1,1,1,1,20250108,20251213
166,1,1,1,1,1,1,1,20250108,20251213
167,0,0,0,0,0,0,0,20250108,20251213
168,0,0,0,0,0,0,0,20250108,20251213
169,0,0,0,0,0,0,0,20250108,20251213
170,1,1,1,1,1,0,0,20250108,20251213
171,1,1,1,1,1,0,0,20250108,20251213
172,1,1,1,1,1,1,1,20250108,20251213
173,1,1,1,1,1,0,0,20250108,20251213
174,1,1,1,1,1,0,0,20250108,20251213
175,0,0,0,0,0,0,0,20250108,20251213
176,0,0,0,0,0,0,0,20250108,20251213
177,0,0,0,0,0,0,0,20250108,20251213
178,0,0,0,0,0,0,0,20250108,20251213
179,0,0,0,0,0,0,0,20250108,20251213
180,0,0,0,0,0,0,0,20250108,20251213
181,0,0,0,0,0,0,0,20250108,20251213
182,0,0,0,0,0,0,0,20250108,20251213
183,1,1,1,1,0,0,0,20250108,20251213
184,0,0,0,0,0,0,0,20250108,20251213
185,0,0,0,0,1,0,0,20250108,20251213
186,0,0,0,0,0,0,0,20250108,20251213
187,0,0,0,0,0,0,0,20250108,20251213
188,0,0,0,0,0,0,0,20250108,20251213
189,1,1,1,1,0,0,0,20250108,20251213
190,1,1,1,1,0,0,0,20250108,20251213
191,0,0,0,0,1,0,0,20250108,20251213
192,0,0,0,0,0,0,0,20250108,20251213
193,0,0,0,0,0,0,0,20250108,20251213
194,0,0,0,0,1,0,1,20250108,20251213
195,0,0,0,0,0,0,0,20250108,20251213
196,0,0,0,0,0,0,0,20250108,20251213
197,0,0,0,0,1,1,1,20250108,20251213
198,0,0,0,0,0,0,0,20250108,20251213
199,0,0,0,0,0,0,0,20250108,20251213
200,0,0,0,0,0,1,0,20250108,20251213
201,0,0,0,0,1,1,0,20250108,20251213
202,0,0,0,0,0,0,0,20250108,20251213
203,0,0,0,0,0,0,0,20250108,20251213
204,0,0,0,0,0,0,0,20250108,20251213
205,0,0,0,0,1,0,1,20250108,20251213
206,1,1,1,1,0,0,1,20250108,20251213
207,0,0,0,0,0,0,0,20250108,20251213
208,0,0,0,0,0,0,0,20250108,20251213
209,0,0,0,0,0,0,0,20250108,20251213
210,0,0,0,0,0,0,0,20250108,20251213
211,0,0,0,0,0,0,0,20250108,20251213
212,0,0,0,0,0,0,0,20250108,20251213
213,0,0,0,0,0,0,0,20250108,20251213
214,0,0,0,0,0,0,0,20250108,20251213
215,0,0,0,0,0,0,0,20250108,20251213
216,0,0,0,0,0,0,0,20250108,20251213
217,0,0,0,0,0,0,0,20250108,20251213
218,0,0,0,0,0,0,0,20250108,20251213
219,0,0,0,0,0,0,0,20250108,20251213
220,0,0,0,0,0,0,0,20250108,20251213
221,0,0,0,0,0,0,0,20250108,20251213
222,0,0,0,0,0,0,0,20250108,20251213
223,0,0,0,0,0,0,0,20250108,20251213
224,0,0,0,0,0,0,0,20250108,20251213
225,0,0,0,0,0,0,0,20250108,20251213
226,0,0,0,0,0,0,0,20250108,20251213
227,0,0,0,0,0,0,0,20250108,20251213
228,0,0,0,0,0,0,0,20250108,20251213
229,0,0,0,0,0,0,0,20250108,20251213
230,0,0,0,0,0,0,0,20250108,20251213
231,0,0,0,0,0,0,0,20250108,20251213
232,0,0,0,0,0,0,0,20250108,20251213
233,0,0,0,0,0,0,0,20250108,20251213
234,0,0,0,0,0,0,0,20250108,20251213
235,0,0,0,0,0,0,0,20250108,20251213
236,0,0,0,0,0,0,0,20250108,20251213
237,0,0,0,0,0,0,0,20250108,20251213
238,0,0,0,0,0,0,0,20250108,20251213
239,0,0,0,0,0,0,0,20250108,20251213
240,0,0,0,0,0,0,0,20250108,20251213
241,0,0,0,0,0,0,0,20250108,20251213
242,0,0,0,0,0,0,0,20250108,20251213
243,0,0,0,0,0,0,0,20250108,20251213
244,0,0,0,0,0,0,0,20250108,20251213
245,0,0,0,0,0,0,0,20250108,20251213
246,0,0,0,0,0,0,0,20250108,20251213
247,0,0,0,0,0,0,0,20250108,20251213
248,0,0,0,0,0,0,0,20250108,20251213
249,0,0,0,0,0,0,0,20250108,20251213
250,0,0,0,0,0,0,0,20250108,20251213
251,0,0,0,0,0,0,0,20250108,20251213
252,0,0,0,0,0,0,0,20250108,20251213
253,0,0,0,0,0,0,0,20250108,20251213
254,0,0,0,0,0,0,0,20250108,20251213
255,0,0,0,0,0,0,0,20250108,20251213
256,0,0,0,0,0,0,0,20250108,20251213
257,0,0,0,0,0,0,0,20250108,20251213
258,0,0,0,0,0,0,0,20250108,20251213
259,0,0,0,0,0,0,0,20250108,20251213
260,0,0,0,0,0,0,0,20250108,20251213
261,0,0,0,0,0,0,0,20250108,20251213
262,0,0,0,0,0,0,0,20250108,20251213
263,0,0,0,0,0,0,0,20250108,20251213
264,0,0,0,0,0,0,0,20250108,20251213
265,0,0,0,0,0,0,0,20250108,20251213
266,0,0,0,0,0,0,0,20250108,20251213
267,1,1,1,1,0,0,1,20250108,20251213
268,1,1,1,1,1,1,0,20250108,20251213
269,0,0,0,0,0,0,1,20250108,20251213
270,1,1,1,1,1,0,1,20250108,20251213
271,0,0,0,0,0,1,0,20250108,20251213
272,1,1,1,1,1,1,1,20250108,20251213
273,0,0,0,0,0,0,0,20250108,20251213
274,1,1,1,1,1,1,1,20250108,20251213
275,0,0,0,0,0,0,0,20250108,20251213
276,1,1,1,1,1,1,0,20250108,20251213
277,0,0,0,0,0,1,1,20250108,20251213
278,1,1,1,1,1,0,0,20250108,20251213
279,1,1,1,1,1,1,1,20250108,20251213
280,0,0,0,0,0,1,1,20250108,20251213
281,0,0,0,0,0,0,0,20250108,20251213
282,0,0,0,0,0,1,1,20250108,20251213
283,0,0,0,0,0,1,0,20250108,20251213
284,0,0,0,0,0,0,0,20250108,20251213
285,1,1,1,1,1,1,1,20250108,20251213
286,1,1,1,1,1,1,1,20250108,20251213
287,1,1,1,1,1,1,1,20250108,20251213
288,0,0,0,0,0,0,0,20250108,20251213
289,0,0,0,0,0,0,0,20250108,20251213
290,0,0,0,0,0,0,0,20250108,20251213
291,0,0,0,0,0,0,0,20250108,20251213
292,0,0,0,0,0,0,0,20250108,20251213
293,0,0,0,0,0,0,0,20250108,20251213
294,0,0,0,0,0,0,0,20250108,20251213
295,1,1,1,1,1,1,0,20250108,20251213
296,0,0,0,0,0,0,0,20250108,20251213
297,0,0,0,0,0,0,0,20250108,20251213
298,0,0,0,0,0,0,0,20250108,20251213
299,0,0,0,0,0,0,0,20250108,20251213
300,0,0,0,0,0,0,0,20250108,20251213
301,0,0,0,0,0,0,0,20250108,20251213
302,0,0,0,0,0,0,0,20250108,20251213
303,0,0,0,0,0,0,1,20250108,20251213
304,0,0,0,0,0,0,0,20250108,20251213
305,0,0,0,0,0,0,0,20250108,20251213
306,0,0,0,0,0,0,0,20250108,20251213
307,0,1,1,0,0,0,0,20250108,20251213
308,0,0,0,0,0,0,0,20250108,20251213
309,0,0,0,0,0,1,1,20250108,20251213
310,0,0,0,0,0,0,0,20250108,20251213
311,1,1,1,1,1,1,1,20250108,20251213
312,1,1,1,1,1,1,1,20250108,20251213
313,0,0,0,0,1,1,0,20250108,20251213
314,0,0,0,0,0,0,0,20250108,20251213
315,1,1,1,1,1,0,0,20250108,20251213
316,0,0,0,0,0,0,0,20250108,20251213
317,0,0,0,0,0,0,0,20250108,20251213
318,0,0,0,0,0,0,0,20250108,20251213
319,1,1,1,1,0,0,1,20250108,20251213
320,1,1,1,1,1,1,1,20250108,20251213
321,1,1,1,1,1,1,1,20250108,20251213
322,1,1,1,1,1,1,1,20250108,20251213
323,0,0,0,0,0,0,0,20250108,20251213
324,0,0,0,0,0,0,0,20250108,20251213
325,1,1,1,1,1,1,1,20250108,20251213
326,0,0,0,0,0,1,1,20250108,20251213
327,1,1,1,1,1,1,1,20250108,20251213
328,1,1,1,1,1,1,1,20250108,20251213
329,1,1,1,1,1,1,0,20250108,20251213
330,0,0,0,0,0,0,0,20250108,20251213
331,0,0,0,0,0,0,0,20250108,20251213
332,1,1,1,1,1,1,1,20250108,20251213
333,1,1,1,1,1,1,1,20250108,20251213
334,1,1,1,1,1,0,0,20250108,20251213
335,1,1,1,1,1,1,0,20250108,20251213
336,1,1,1,1,1,1,1,20250108,20251213
337,0,0,0,0,1,1,0,20250108,20251213
338,1,1,1,1,0,0,0,20250108,20251213
339,0,0,0,0,0,0,0,20250108,20251213
340,1,1,1,1,1,1,1,20250108,20251213
341,0,0,0,0,0,0,0,20250108,20251213
342,0,0,0,0,0,1,0,20250108,20251213
343,0,0,0,0,0,1,1,20250108,20251213
344,1,1,1,1,1,1,1,20250108,20251213
345,0,0,0,0,1,0,0,20250108,20251213
346,1,1,1,1,1,1,1,20250108,20251213
347,1,1,1,1,0,0,1,20250108,20251213
348,1,1,1,1,0,1,1,20250108,20251213
349,0,0,0,0,1,1,1,20250108,20251213
350,0,0,0,0,1,1,0,20250108,20251213
351,1,1,1,1,1,1,1,20250108,20251213
352,0,0,0,0,0,1,1,20250108,20251213
353,0,0,0,0,0,0,0,20250108,20251213
354,1,1,1,1,1,0,0,20250108,20251213
355,1,1,1,1,1,1,1,20250108,20251213
356,0,0,0,0,0,0,0,20250108,20251213
357,1,1,1,1,1,1,1,20250108,20251213
358,0,0,0,0,0,0,0,20250108,20251213
359,0,0,0,0,0,0,0,20250108,20251213
360,0,0,0,0,0,0,0,20250108,20251213
361,1,1,1,1,1,1,1,20250108,20251213
362,1,1,1,1,1,1,1,20250108,20251213
363,1,1,1,1,1,1,1,20250108,20251213
364,0,0,0,0,0,1,1,20250108,20251213
365,1,1,1,1,1,0,0,20250108,20251213
366,0,0,0,0,0,1,1,20250108,20251213
367,1,1,1,1,1,0,0,20250108,20251213
368,0,0,0,0,0,1,1,20250108,20251213
369,1,1,1,1,1,1,1,20250108,20251213
370,1,1,1,1,1,1,1,20250108,20251213
371,1,1,1,1,1,0,0,20250108,20251213
372,1,1,1,1,1,1,1,20250108,20251213
373,0,0,0,0,0,1,1,20250108,20251213
374,1,1,1,1,1,1,1,20250108,20251213
375,1,1,1,1,1,1,1,20250108,20251213
376,0,0,0,0,0,0,1,20250108,20251213
377,0,0,0,0,0,0,0,20250108,20251213
378,1,1,1,1,1,1,1,20250108,20251213
379,1,1,1,1,1,0,0,20250108,20251213
380,1,1,1,1,1,1,0,20250108,20251213
381,1,1,1,1,1,0,0,20250108,20251213
382,0,0,0,0,0,0,0,20250108,20251213
383,0,0,0,0,0,0,0,20250108,20251213
384,0,0,0,0,0,0,0,20250108,20251213
385,0,0,0,0,0,0,0,20250108,20251213
386,0,0,0,0,0,1,1,20250108,20251213
387,1,1,1,1,1,0,0,20250108,20251213
388,1,1,1,1,1,1,1,20250108,20251213
389,1,1,1,1,1,1,1,20250108,20251213
390,1,1,1,1,1,1,1,20250108,20251213
391,0,0,0,0,0,0,0,20250108,20251213
392,0,0,0,0,0,0,0,20250108,20251213
393,0,0,0,0,0,0,0,20250108,20251213
394,0,0,0,0,0,0,0,20250108,20251213
395,0,0,0,0,0,0,0,20250108,20251213
396,0,0,0,0,0,0,0,20250108,20251213
397,0,0,0,0,0,0,0,20250108,20251213
398,0,0,0,0,0,0,0,20250108,20251213
399,0,0,0,0,0,0,0,20250108,20251213
400,0,0,0,0,0,0,0,20250108,20251213
401,1,1,1,1,1,0,1,20250108,20251213
402,0,0,0,0,0,0,0,20250108,20251213
403,0,0,0,0,0,0,0,20250108,20251213
404,0,0,0,0,0,0,0,20250108,20251213
405,1,1,1,1,1,1,1,20250108,20251213
406,0,0,0,0,0,0,0,20250108,20251213
407,1,1,1,1,1,0,0,20250108,20251213
408,1,1,1,1,1,0,0,20250108,20251213
409,0,0,0,0,0,0,0,20250108,20251213
410,1,1,1,1,1,1,1,20250108,20251213
411,1,1,1,1,1,0,1,20250108,20251213
412,0,0,0,0,0,1,1,20250108,20251213
413,0,0,0,0,0,1,0,20250108,20251213
414,0,0,0,0,0,1,0,20250108,20251213
415,0,0,0,0,0,0,0,20250108,20251213
416,0,0,0,0,0,0,0,20250108,20251213
417,0,0,0,0,0,0,0,20250108,20251213
418,0,0,0,0,0,1,0,20250108,20251213
419,1,1,1,1,1,1,1,20250108,20251213
420,1,1,1,1,1,0,1,20250108,20251213
421,0,0,0,0,0,0,1,20250108,20251213
422,0,0,0,0,0,0,0,20250108,20251213
423,0,0,0,0,0,1,0,20250108,20251213
424,0,0,0,0,0,1,0,20250108,20251213
425,1,1,1,1,1,1,0,20250108,20251213
426,0,0,0,0,0,1,0,20250108,20251213
427,0,0,0,0,0,0,0,20250108,20251213
428,0,0,0,0,0,0,0,20250108,20251213
429,0,0,0,0,0,0,0,20250108,20251213
430,0,0,0,0,0,0,0,20250108,20251213
431,0,0,0,0,0,0,1,20250108,20251213
432,1,1,1,1,1,0,0,20250108,20251213
433,0,0,0,0,0,0,0,20250108,20251213
434,1,1,1,1,1,0,0,20250108,20251213
435,0,0,0,0,0,0,0,20250108,20251213
436,0,0,0,0,1,0,0,20250108,20251213
437,0,0,0,0,0,1,1,20250108,20251213
438,1,1,1,1,1,0,0,20250108,20251213
439,1,1,1,1,1,1,1,20250108,20251213
440,0,0,0,0,0,0,0,20250108,20251213
441,0,0,0,0,0,0,0,20250108,20251213
442,0,0,0,0,0,0,0,20250108,20251213
443,0,0,0,0,0,0,0,20250108,20251213
444,1,1,1,1,1,1,1,20250108,20251213
445,1,1,1,1,1,1,1,20250108,20251213
446,0,0,0,0,1,1,0,20250108,20251213
447,0,0,0,0,0,0,0,20250108,20251213
448,0,0,0,0,0,1,1,20250108,20251213
449,1,1,1,1,0,0,1,20250108,20251213
450,1,1,1,1,1,1,1,20250108,20251213
451,1,1,1,1,1,1,1,20250108,20251213
452,0,0,0,0,0,0,0,20250108,20251213
453,0,0,0,0,0,0,0,20250108,20251213
454,0,0,0,0,0,0,0,20250108,20251213
455,1,1,1,1,1,1,1,20250108,20251213
456,1,1,1,1,1,0,0,20250108,20251213
457,1,1,1,1,1,0,0,20250108,20251213
458,1,1,1,1,0,0,0,20250108,20251213
459,0,0,0,0,0,0,0,20250108,20251213
460,0,0,0,0,0,0,0,20250108,20251213
461,0,0,0,0,0,1,0,20250108,20251213
462,0,0,0,0,0,0,0,20250108,20251213
463,0,0,0,0,0,0,1,20250108,20251213
464,0,0,0,0,0,0,0,20250108,20251213
465,0,0,0,0,0,0,0,20250108,20251213
466,0,0,0,0,0,0,0,20250108,20251213
467,0,0,0,0,0,0,0,20250108,20251213
468,1,1,1,1,1,1,1,20250108,20251213
469,0,0,0,0,0,1,1,20250108,20251213
470,0,0,0,0,1,0,0,20250108,20251213
471,0,0,0,0,0,0,0,20250108,20251213
472,0,0,0,0,0,0,0,20250108,20251213
473,0,0,0,0,0,0,0,20250108,20251213
474,0,0,0,0,0,0,0,20250108,20251213
475,1,1,1,1,1,0,0,20250108,20251213
476,1,0,0,0,0,0,0,20250108,20251213
477,1,1,1,1,1,1,1,20250108,20251213
478,0,0,0,0,0,0,0,20250108,20251213
479,1,1,1,1,1,0,0,20250108,20251213
480,1,1,1,1,0,0,0,20250108,20251213
481,0,0,0,0,1,1,1,20250108,20251213
482,1,1,1,1,1,1,1,20250108,20251213
483,1,1,1,1,1,1,1,20250108,20251213
484,0,0,0,0,0,1,0,20250108,20251213
485,1,1,0,1,1,0,1,20250108,20251213
486,0,0,0,0,0,0,1,20250108,20251213
487,0,0,0,0,0,0,1,20250108,20251213
488,0,0,0,0,0,0,1,20250108,20251213
489,0,0,0,0,0,0,1,20250108,20251213
490,0,0,0,0,0,0,0,20250108,20251213
491,0,0,0,0,0,0,1,20250108,20251213
492,1,1,1,1,0,1,0,20250108,20251213
493,1,1,1,1,1,1,1,20250108,20251213
494,1,1,1,1,1,1,1,20250108,20251213
495,1,1,1,1,1,1,1,20250108,20251213
496,0,0,0,0,0,0,0,20250108,20251213
497,0,0,0,0,0,0,0,20250108,20251213
498,0,0,0,0,0,0,0,20250108,20251213
499,0,0,0,0,0,0,0,20250108,20251213
500,0,0,0,0,0,0,0,20250108,20251213
501,0,0,0,0,0,0,0,20250108,20251213
502,1,1,1,1,0,0,0,20250108,20251213
503,0,0,0,0,1,1,0,20250108,20251213
504,0,0,0,0,0,0,0,20250108,20251213
505,1,1,1,1,0,0,0,20250108,20251213
506,0,0,0,0,0,1,1,20250108,20251213
507,1,1,1,1,1,0,0,20250108,20251213
508,0,0,0,0,0,0,0,20250108,20251213
509,0,0,0,0,0,0,1,20250108,20251213
510,0,0,0,0,0,0,1,20250108,20251213
511,0,0,0,0,0,0,0,20250108,20251213
512,0,0,0,0,0,0,0,20250108,20251213
513,0,0,0,0,0,0,0,20250108,20251213
514,1,1,1,1,0,0,1,20250108,20251213
515,0,0,0,0,0,1,1,20250108,20251213
516,1,1,1,1,1,1,1,20250108,20251213
517,1,1,1,1,1,1,1,20250108,20251213
518,0,0,0,0,0,1,1,20250108,20251213
519,0,0,0,0,0,0,0,20250108,20251213
520,0,0,0,0,0,0,0,20250108,20251213
521,0,0,0,0,0,0,0,20250108,20251213
522,0,0,0,0,0,0,0,20250108,20251213
523,1,1,1,1,1,0,0,20250108,20251213
524,0,0,0,0,0,0,0,20250108,20251213
525,1,1,1,1,1,0,0,20250108,20251213
526,0,0,0,0,1,1,0,20250108,20251213
527,0,0,0,0,0,0,0,20250108,20251213
528,0,0,0,0,0,0,0,20250108,20251213
529,0,0,0,0,0,0,0,20250108,20251213
530,0,0,0,0,0,1,0,20250108,20251213
531,0,0,0,0,0,0,0,20250108,20251213
532,0,0,0,0,0,0,0,20250108,20251213
533,1,1,1,1,1,1,1,20250108,20251213
534,1,1,1,1,1,0,1,20250108,20251213
535,0,0,0,0,0,0,0,20250108,20251213
536,0,0,0,0,0,0,0,20250108,20251213
537,0,0,0,0,0,0,0,20250108,20251213
538,1,1,1,1,0,1,1,20250108,20251213
539,0,0,0,0,1,0,0,20250108,20251213
540,0,0,0,0,0,1,0,20250108,20251213
541,0,0,0,0,0,0,0,20250108,20251213
542,1,1,1,1,1,1,1,20250108,20251213
543,1,1,1,1,1,1,1,20250108,20251213
544,0,0,0,0,0,0,0,20250108,20251213
545,0,0,0,0,0,1,0,20250108,20251213
546,1,1,1,1,1,0,0,20250108,20251213
547,1,1,1,1,1,1,1,20250108,20251213
548,1,1,1,1,0,0,0,20250108,20251213
549,1,1,1,1,0,0,0,20250108,20251213
550,1,1,1,1,1,0,0,20250108,20251213
551,0,0,0,0,1,0,0,20250108,20251213
552,1,1,1,1,1,1,0,20250108,20251213
553,0,0,0,0,0,1,1,20250108,20251213
554,0,0,0,0,0,0,0,20250108,20251213
555,0,0,0,0,0,0,0,20250108,20251213
556,0,0,0,0,0,0,0,20250108,20251213
557,0,0,0,0,0,0,0,20250108,20251213
558,0,0,0,0,0,0,0,20250108,20251213
559,0,0,0,0,0,0,0,20250108,20251213
560,0,0,0,0,0,0,0,20250108,20251213
561,0,0,0,0,0,0,0,20250108,20251213
562,1,1,1,1,1,1,1,20250108,20251213
563,1,1,1,1,1,0,0,20250108,20251213
564,0,0,0,0,0,1,0,20250108,20251213
565,1,1,1,1,1,0,0,20250108,20251213
566,0,0,0,0,0,0,1,20250108,20251213
567,1,1,1,1,1,1,0,20250108,20251213
568,1,1,1,1,1,1,1,20250108,20251213
569,1,1,1,1,1,1,1,20250108,20251213
570,1,1,1,1,1,1,1,20250108,20251213
571,0,0,0,0,0,0,0,20250108,20251213
572,0,0,0,0,0,0,0,20250108,20251213
573,0,0,0,0,0,0,0,20250108,20251213
574,0,0,0,0,0,0,0,20250108,20251213
575,0,0,0,0,0,0,1,20250108,20251213
576,1,1,1,1,1,1,1,20250108,20251213
577,1,1,1,1,1,1,0,20250108,20251213
578,1,1,1,1,1,0,0,20250108,20251213
579,0,0,0,0,0,1,1,20250108,20251213
580,0,0,0,0,0,1,1,20250108,20251213
581,0,0,0,0,0,0,0,20250108,20251213
582,1,1,1,1,1,1,1,20250108,20251213
583,1,1,1,1,1,1,1,20250108,20251213
584,1,1,1,1,1,1,1,20250108,20251213
585,1,1,1,1,1,1,1,20250108,20251213
586,1,1,1,1,1,1,1,20250108,20251213
587,1,1,1,1,1,1,1,20250108,20251213
588,0,0,0,0,0,1,1,20250108,20251213
589,1,1,1,1,1,1,1,20250108,20251213
590,1,1,1,1,1,1,1,20250108,20251213
591,1,1,1,1,1,1,1,20250108,20251213
592,1,1,1,1,1,1,1,20250108,20251213
593,0,0,0,0,0,1,1,20250108,20251213
594,0,0,0,0,0,0,0,20250108,20251213
595,1,1,1,1,1,0,0,20250108,20251213
596,1,1,1,1,1,1,1,20250108,20251213
597,1,1,1,1,1,1,1,20250108,20251213
598,1,1,1,1,0,1,1,20250108,20251213
599,0,0,0,0,0,1,1,20250108,20251213
600,0,0,0,0,1,1,1,20250108,20251213
601,1,1,1,1,1,1,1,20250108,20251213
602,0,0,0,0,0,0,0,20250108,20251213
603,0,0,0,0,0,0,0,20250108,20251213
604,0,0,0,0,0,0,0,20250108,20251213
605,0,0,0,0,0,0,0,20250108,20251213
606,1,1,1,1,1,1,1,20250108,20251213
607,0,0,0,0,0,0,0,20250108,20251213
608,1,1,1,1,1,1,1,20250108,20251213
609,1,1,1,1,1,1,0,20250108,20251213
610,1,1,1,1,1,1,0,20250108,20251213
611,1,1,1,1,1,0,0,20250108,20251213
612,1,1,1,1,1,1,1,20250108,20251213
613,0,0,0,0,0,0,0,20250108,20251213
614,1,1,1,1,1,0,0,20250108,20251213
615,0,0,0,0,0,0,0,20250108,20251213
616,0,0,0,0,0,0,0,20250108,20251213
617,0,0,0,0,0,0,0,20250108,20251213
618,0,0,0,0,0,0,0,20250108,20251213
619,0,0,0,0,0,0,0,20250108,20251213
620,0,0,0,0,0,0,0,20250108,20251213
621,1,1,1,1,1,1,0,20250108,20251213
622,0,0,0,0,0,0,1,20250108,20251213
623,1,1,1,1,1,1,1,20250108,20251213
624,1,1,1,1,1,1,1,20250108,20251213
625,1,1,1,1,1,1,1,20250108,20251213
626,1,1,1,1,1,1,1,20250108,20251213
627,1,1,1,1,1,1,1,20250108,20251213
628,1,1,1,1,1,1,1,20250108,20251213
629,0,0,0,0,0,0,0,20250108,20251213
630,1,1,1,1,1,0,0,20250108,20251213
631,0,0,0,0,0,0,0,20250108,20251213
632,0,0,0,0,0,0,0,20250108,20251213
633,0,0,0,0,0,0,0,20250108,20251213
634,1,1,1,1,1,0,0,20250108,20251213
635,0,0,0,0,0,0,0,20250108,20251213
636,1,1,1,1,1,0,0,20250108,20251213
637,0,0,0,0,0,0,0,20250108,20251213
638,0,0,0,0,0,0,0,20250108,20251213
639,0,0,0,0,0,0,0,20250108,20251213
640,1,1,1,1,1,1,1,20250108,20251213
641,1,1,1,1,1,1,1,20250108,20251213
642,0,0,0,0,0,0,0,20250108,20251213
643,1,1,1,1,1,0,0,20250108,20251213
644,1,1,1,1,1,1,0,20250108,20251213
645,0,0,0,0,0,0,0,20250108,20251213
646,0,0,0,0,0,0,0,20250108,20251213
647,1,1,1,1,1,1,1,20250108,20251213
648,0,0,0,0,0,1,0,20250108,20251213
649,0,0,0,0,0,1,1,20250108,20251213
650,0,0,0,0,0,1,1,20250108,20251213
651,1,1,1,1,1,1,1,20250108,20251213
652,1,1,1,1,1,1,1,20250108,20251213
653,0,0,0,0,0,0,0,20250108,20251213
654,0,0,0,0,0,0,0,20250108,20251213
655,0,0,0,0,0,0,0,20250108,20251213
656,0,0,0,0,0,0,0,20250108,20251213
657,0,0,0,0,0,0,0,20250108,20251213
658,1,1,1,1,1,1,0,20250108,20251213
659,0,0,0,0,0,0,0,20250108,20251213
660,1,1,1,1,1,1,1,20250108,20251213
661,1,1,1,1,1,1,1,20250108,20251213
662,1,1,1,1,1,1,1,20250108,20251213
663,1,1,1,1,1,1,1,20250108,20251213
664,0,0,0,0,0,0,0,20250108,20251213
665,0,0,0,0,0,0,0,20250108,20251213
666,0,0,0,0,0,1,1,20250108,20251213
667,0,0,0,0,0,1,1,20250108,20251213
668,0,0,0,0,0,0,0,20250108,20251213
669,0,0,0,0,0,0,0,20250108,20251213
670,0,0,0,0,0,0,0,20250108,20251213
671,0,0,0,0,0,0,0,20250108,20251213
672,0,0,0,0,0,0,0,20250108,20251213
673,0,0,0,0,0,0,0,20250108,20251213
674,0,0,0,0,0,1,1,20250108,20251213
675,0,0,0,0,0,1,1,20250108,20251213
676,0,0,0,0,0,1,1,20250108,20251213
677,1,1,1,1,1,1,1,20250108,20251213
678,1,1,1,1,1,1,1,20250108,20251213
679,1,1,1,1,1,1,1,20250108,20251213
680,1,1,1,1,1,1,1,20250108,20251213
681,0,0,0,0,0,1,1,20250108,20251213
682,0,0,0,0,0,1,1,20250108,20251213
683,1,1,1,1,1,0,0,20250108,20251213
684,1,1,1,1,1,0,0,20250108,20251213
685,1,1,1,1,1,0,0,20250108,20251213
686,1,1,1,1,1,0,0,20250108,20251213
687,1,1,1,1,1,1,1,20250108,20251213
688,0,0,0,0,0,1,1,20250108,20251213
689,0,0,0,0,1,1,0,20250108,20251213
690,0,0,0,0,0,0,1,20250108,20251213
691,0,0,0,0,0,0,0,20250108,20251213
692,1,1,1,1,1,1,1,20250108,20251213
693,1,1,1,1,1,1,0,20250108,20251213
694,0,0,0,0,1,1,1,20250108,20251213
695,0,0,0,0,1,1,1,20250108,20251213
696,1,1,1,1,1,0,0,20250108,20251213
697,0,0,0,0,0,0,0,20250108,20251213
698,1,1,1,1,0,0,0,20250108,20251213
699,1,1,1,1,1,1,1,20250108,20251213
700,1,1,1,1,0,0,0,20250108,20251213
701,0,0,0,0,0,0,0,20250108,20251213
702,0,0,0,0,1,0,0,20250108,20251213
703,1,1,1,1,1,0,0,20250108,20251213
704,0,0,0,0,1,0,0,20250108,20251213
705,0,0,0,0,0,0,0,20250108,20251213
706,1,1,1,1,0,0,1,20250108,20251213
707,0,0,0,0,1,1,0,20250108,20251213
708,0,0,0,0,0,0,0,20250108,20251213
709,0,0,0,0,0,0,0,20250108,20251213
710,0,0,0,0,0,1,0,20250108,20251213
711,1,1,1,1,1,1,1,20250108,20251213
712,0,0,0,0,0,0,0,20250108,20251213
713,0,0,0,0,0,0,0,20250108,20251213
714,1,1,1,1,1,0,0,20250108,20251213
715,0,0,0,0,0,0,1,20250108,20251213
716,1,1,1,1,1,1,1,20250108,20251213
717,0,0,0,0,0,1,0,20250108,20251213
718,0,0,0,0,0,1,1,20250108,20251213
719,1,1,1,1,1,1,1,20250108,20251213
720,1,1,1,1,1,1,0,20250108,20251213
721,1,1,1,1,1,1,1,20250108,20251213
722,0,0,0,0,0,0,0,20250108,20251213
723,0,0,0,0,0,0,0,20250108,20251213
724,0,0,0,0,1,1,0,20250108,20251213
725,0,0,0,0,0,0,0,20250108,20251213
726,0,0,0,0,0,0,0,20250108,20251213
727,0,0,0,0,0,0,0,20250108,20251213
728,0,0,0,0,0,1,0,20250108,20251213
729,0,0,0,0,0,0,0,20250108,20251213
730,0,0,0,0,0,0,0,20250108,20251213
731,0,0,0,0,0,0,0,20250108,20251213
732,0,0,0,0,0,0,0,20250108,20251213
733,0,0,0,0,0,0,0,20250108,20251213
734,0,0,0,0,0,0,0,20250108,20251213
735,0,0,0,0,0,0,0,20250108,20251213
736,0,0,0,0,0,0,0,20250108,20251213
737,0,0,0,0,0,0,0,20250108,20251213
738,0,0,0,0,0,0,1,20250108,20251213
739,0,0,0,0,0,0,0,20250108,20251213
740,0,0,0,0,0,0,0,20250108,20251213
741,0,0,0,0,0,0,0,20250108,20251213
742,0,0,0,0,0,0,0,20250108,20251213
743,0,0,0,0,0,0,0,20250108,20251213
744,0,0,0,0,0,0,0,20250108,20251213
745,0,0,0,0,0,0,0,20250108,20251213
746,0,0,0,0,0,0,0,20250108,20251213
747,0,0,0,0,0,0,0,20250108,20251213
748,0,0,0,0,0,0,0,20250108,20251213
749,0,0,0,0,0,0,0,20250108,20251213
750,0,0,0,0,0,0,0,20250108,20251213
751,0,0,0,0,0,0,0,20250108,20251213
752,0,0,0,0,0,0,0,20250108,20251213
753,0,0,0,0,0,0,0,20250108,20251213
754,0,0,0,0,0,0,0,20250108,20251213
755,0,0,0,0,0,0,0,20250108,20251213
756,0,0,0,0,0,0,0,20250108,20251213
757,0,0,0,0,0,0,0,20250108,20251213
758,0,0,0,0,0,0,0,20250108,20251213
759,0,0,0,0,0,0,0,20250108,20251213
760,0,0,0,0,0,0,0,20250108,20251213
761,0,0,0,0,0,0,0,20250108,20251213
762,0,0,0,0,0,0,0,20250108,20251213
763,0,0,0,0,0,0,0,20250108,20251213
764,0,0,0,0,0,0,0,20250108,20251213
765,0,0,0,0,0,0,0,20250108,20251213
766,0,0,0,0,0,0,0,20250108,20251213
767,0,0,0,0,0,0,0,20250108,20251213
768,0,0,0,0,0,0,0,20250108,20251213
769,0,0,0,0,0,0,0,20250108,20251213
770,0,0,0,0,0,0,0,20250108,20251213
771,0,0,0,0,0,0,0,20250108,20251213
772,0,0,0,0,0,0,0,20250108,20251213
773,0,0,0,0,0,0,0,20250108,20251213
774,0,0,0,0,0,0,0,20250108,20251213
775,0,0,0,0,0,0,0,20250108,20251213
776,0,0,0,0,0,0,0,20250108,20251213
777,0,0,0,0,0,0,0,20250108,20251213
778,0,0,0,0,0,0,0,20250108,20251213
779,0,0,0,0,0,0,0,20250108,20251213
780,0,0,0,0,0,0,0,20250108,20251213
781,0,0,0,0,0,0,0,20250108,20251213
782,0,0,0,0,0,0,0,20250108,20251213
783,0,0,0,0,0,0,0,20250108,20251213
784,0,0,0,0,1,1,0,20250108,20251213
785,0,0,0,0,0,0,0,20250108,20251213
786,0,0,0,0,0,0,0,20250108,20251213
787,0,0,0,0,0,0,0,20250108,20251213
788,0,0,0,0,0,0,0,20250108,20251213
789,0,0,0,0,0,0,0,20250108,20251213
790,0,0,0,0,0,0,0,20250108,20251213
791,0,0,0,0,0,0,0,20250108,20251213
792,0,0,0,0,0,0,0,20250108,20251213
793,0,0,0,0,0,0,0,20250108,20251213
794,0,0,0,0,0,0,0,20250108,20251213
795,0,0,0,0,0,0,0,20250108,20251213
796,0,0,0,0,0,0,0,20250108,20251213
797,0,0,0,0,0,0,0,20250108,20251213
798,0,0,0,0,0,0,0,20250108,20251213
799,0,0,0,0,0,0,0,20250108,20251213
800,1,1,1,0,0,0,0,20250108,20251213
801,0,0,0,0,0,1,1,20250108,20251213
802,1,1,1,1,1,0,0,20250108,20251213
803,0,0,0,0,0,0,0,20250108,20251213
804,0,0,0,0,0,0,1,20250108,20251213
805,1,1,1,1,1,0,0,20250108,20251213
806,1,1,1,1,1,1,1,20250108,20251213
807,1,1,1,1,1,1,1,20250108,20251213
808,0,0,0,0,0,0,0,20250108,20251213
809,0,0,0,0,0,0,0,20250108,20251213
810,0,0,0,0,0,0,0,20250108,20251213
811,0,0,0,0,0,0,0,20250108,20251213
812,0,0,0,0,0,0,0,20250108,20251213
813,0,0,0,0,0,0,0,20250108,20251213
814,0,0,0,0,0,0,0,20250108,20251213
815,0,0,0,0,0,0,0,20250108,20251213
816,0,0,0,0,0,0,0,20250108,20251213
817,0,0,0,0,0,0,0,20250108,20251213
818,0,0,0,0,0,0,0,20250108,20251213
819,0,0,0,0,0,0,0,20250108,20251213
820,0,0,0,0,0,0,0,20250108,20251213
821,0,0,0,0,0,0,0,20250108,20251213
822,0,0,0,0,0,0,0,20250108,20251213
823,0,0,0,0,0,0,0,20250108,20251213
824,0,0,0,0,0,0,0,20250108,20251213
825,1,1,1,1,1,0,0,20250108,20251213
826,1,1,1,1,0,0,0,20250108,20251213
827,1,1,1,1,1,0,0,20250108,20251213
828,0,0,0,0,0,0,0,20250108,20251213
829,1,0,0,1,1,0,0,20250108,20251213
830,0,1,1,1,0,0,0,20250108,20251213
831,0,0,0,0,1,0,0,20250108,20251213
832,1,0,0,0,0,0,0,20250108,20251213
833,0,1,0,0,0,0,0,20250108,20251213
834,0,0,0,0,0,0,0,20250108,20251213
835,0,0,0,0,1,0,0,20250108,20251213
836,1,1,1,1,1,0,0,20250108,20251213
837,1,1,1,1,0,0,0,20250108,20251213
838,1,1,1,1,1,0,0,20250108,20251213
839,0,0,0,0,0,0,0,20250108,20251213
840,0,0,0,0,0,0,0,20250108,20251213
841,0,0,0,0,0,0,0,20250108,20251213
842,0,1,1,1,0,0,0,20250108,20251213
843,0,0,1,0,0,0,0,20250108,20251213
844,0,0,0,0,0,0,0,20250108,20251213
845,1,0,1,1,1,0,0,20250108,20251213
846,1,1,1,1,1,0,0,20250108,20251213
847,1,0,1,1,0,0,0,20250108,20251213
848,1,1,0,1,0,0,0,20250108,20251213
849,0,0,0,0,0,0,0,20250108,20251213
850,1,1,1,1,1,0,0,20250108,20251213
851,0,0,0,0,0,0,0,20250108,20251213
852,0,0,0,0,0,0,0,20250108,20251213
853,0,0,0,0,0,0,0,20250108,20251213
854,0,0,0,0,0,1,0,20250108,20251213
855,1,1,1,1,1,1,0,20250108,20251213
856,0,0,0,0,0,0,0,20250108,20251213
857,0,0,0,0,0,0,0,20250108,20251213
858,0,0,0,0,0,0,0,20250108,20251213
859,0,0,0,0,0,0,0,20250108,20251213
860,1,1,1,1,1,0,0,20250108,20251213
861,1,1,1,1,1,0,0,20250108,20251213
862,1,1,1,1,0,0,0,20250108,20251213
863,0,1,0,1,0,0,0,20250108,20251213
864,0,0,0,0,0,0,0,20250108,20251213
865,0,0,0,0,1,1,0,20250108,20251213
866,0,0,0,0,0,0,1,20250108,20251213
867,1,1,1,1,1,0,0,20250108,20251213
868,1,1,1,1,1,0,0,20250108,20251213
869,0,0,0,0,0,1,0,20250108,20251213
870,0,0,0,0,0,0,0,20250108,20251213
871,0,0,0,0,0,0,0,20250108,20251213
872,0,0,0,0,0,0,0,20250108,20251213
873,0,0,0,0,0,1,0,20250108,20251213
874,0,0,0,0,0,1,1,20250108,20251213
875,0,0,0,0,0,0,0,20250108,20251213
876,0,0,0,0,0,0,0,20250108,20251213
877,0,0,0,0,0,0,0,20250108,20251213
878,0,0,0,0,0,0,0,20250108,20251213
879,0,0,0,0,0,0,0,20250108,20251213
880,0,0,1,1,0,0,0,20250108,20251213
881,0,1,1,0,0,0,0,20250108,20251213
882,1,1,1,1,1,1,0,20250108,20251213
883,0,0,0,0,0,0,1,20250108,20251213
884,0,0,0,0,0,0,0,20250108,20251213
885,1,1,1,1,1,1,1,20250108,20251213
886,1,0,1,0,1,0,0,20250108,20251213
887,0,1,0,0,1,0,0,20250108,20251213
888,0,0,0,0,1,1,0,20250108,20251213
889,0,1,1,0,1,0,0,20250108,20251213
890,0,0,0,0,0,0,0,20250108,20251213
891,0,0,0,0,1,0,0,20250108,20251213
892,1,1,1,1,0,0,1,20250108,20251213
893,0,0,0,0,1,0,0,20250108,20251213
894,0,0,0,0,1,1,0,20250108,20251213
895,0,0,0,0,0,0,0,20250108,20251213
896,0,0,0,0,0,0,0,20250108,20251213
897,0,0,0,0,0,0,0,20250108,20251213
898,0,0,0,0,0,1,0,20250108,20251213
899,1,0,1,0,1,0,0,20250108,20251213
900,1,0,1,0,1,0,0,20250108,20251213
901,1,1,1,1,0,0,0,20250108,20251213
902,1,1,1,1,0,0,0,20250108,20251213
903,0,0,0,0,0,0,0,20250108,20251213
904,0,0,0,0,0,0,0,20250108,20251213
905,0,0,0,0,1,0,0,20250108,20251213
906,0,0,0,0,1,0,0,20250108,20251213
907,0,0,0,0,0,0,0,20250108,20251213
908,0,0,0,0,0,0,0,20250108,20251213
909,1,1,1,1,1,0,0,20250108,20251213
910,0,0,0,0,0,0,0,20250108,20251213
911,0,0,0,0,0,0,0,20250108,20251213
912,0,0,1,0,0,0,0,20250108,20251213
913,1,1,1,1,1,1,1,20250108,20251213
914,0,0,0,0,0,0,0,20250108,20251213
915,0,1,1,1,1,0,0,20250108,20251213
916,0,0,0,0,0,0,1,20250108,20251213
917,0,0,0,0,0,1,1,20250108,20251213
918,0,0,0,0,0,0,0,20250108,20251213
919,0,0,0,0,0,0,0,20250108,20251213
920,1,1,1,1,1,0,0,20250108,20251213
921,0,0,0,0,0,0,0,20250108,20251213
922,0,0,0,0,1,0,0,20250108,20251213
923,0,0,0,1,0,0,0,20250108,20251213
924,1,0,0,0,0,0,0,20250108,20251213
925,0,0,1,0,0,0,0,20250108,20251213
926,0,1,0,0,0,0,0,20250108,20251213
927,0,0,0,0,0,0,0,20250108,20251213
928,0,0,0,0,0,0,0,20250108,20251213
929,0,0,0,0,0,0,0,20250108,20251213
930,0,0,0,0,0,0,0,20250108,20251213
931,0,0,0,0,0,0,0,20250108,20251213
932,1,1,1,1,0,0,1,20250108,20251213
933,1,1,1,1,1,0,0,20250108,20251213
934,0,0,0,0,0,0,0,20250108,20251213
935,1,1,1,1,1,0,0,20250108,20251213
936,1,1,1,1,1,0,0,20250108,20251213
937,1,1,1,1,1,0,0,20250108,20251213
938,0,0,0,0,0,0,0,20250108,20251213
939,0,0,0,0,0,0,0,20250108,20251213
940,0,0,0,0,0,0,0,20250108,20251213
941,0,0,0,0,0,0,0,20250108,20251213
942,0,0,0,0,0,0,0,20250108,20251213
943,0,0,0,0,0,0,0,20250108,20251213
944,0,0,0,0,0,0,0,20250108,20251213
945,0,0,0,0,0,0,0,20250108,20251213
946,0,0,0,0,0,0,0,20250108,20251213
947,0,0,0,0,0,0,0,20250108,20251213
948,0,0,0,0,0,0,0,20250108,20251213
949,0,0,0,0,0,0,0,20250108,20251213
950,0,0,0,0,0,0,0,20250108,20251213
951,0,1,0,0,0,0,0,20250108,20251213
952,0,0,0,0,0,0,0,20250108,20251213
953,0,0,0,0,0,1,0,20250108,20251213
954,0,0,0,0,0,0,1,20250108,20251213
955,1,1,1,1,1,0,1,20250108,20251213
956,1,1,1,1,1,1,1,20250108,20251213
957,0,0,0,0,0,1,1,20250108,20251213
958,0,0,0,0,1,0,0,20250108,20251213
959,0,0,0,1,0,0,0,20250108,20251213
960,0,1,0,0,1,0,0,20250108,20251213
961,1,1,1,1,1,1,0,20250108,20251213
962,0,0,0,0,1,1,1,20250108,20251213
963,0,0,0,0,1,1,0,20250108,20251213
964,0,0,0,0,1,0,0,20250108,20251213
965,0,0,0,0,0,0,0,20250108,20251213
966,1,1,1,1,0,0,0,20250108,20251213
967,0,0,0,0,0,0,0,20250108,20251213
968,0,0,0,0,0,1,0,20250108,20251213
969,0,0,0,0,0,0,0,20250108,20251213
970,0,0,0,0,0,0,0,20250108,20251213
971,0,0,0,0,0,0,0,20250108,20251213
972,0,0,0,0,0,0,0,20250108,20251213
973,1,1,1,1,1,0,0,20250108,20251213
974,1,1,1,1,1,0,0,20250108,20251213
975,0,0,0,0,0,1,0,20250108,20251213
976,0,0,0,0,0,0,1,20250108,20251213
977,1,1,1,1,1,1,1,20250108,20251213
978,0,0,0,0,0,0,0,20250108,20251213
979,0,0,0,0,0,1,1,20250108,20251213
980,1,1,1,1,1,1,0,20250108,20251213
981,0,0,0,0,0,0,0,20250108,20251213
982,0,0,0,0,0,0,0,20250108,20251213
983,0,0,0,0,0,0,0,20250108,20251213
984,0,0,0,0,0,0,1,20250108,20251213
985,0,0,0,0,0,1,0,20250108,20251213
986,0,0,0,0,0,1,1,20250108,20251213
987,1,1,1,1,1,1,1,20250108,20251213
988,1,1,0,0,0,0,0,20250108,20251213
989,0,0,0,0,0,0,0,20250108,20251213
990,0,0,0,0,0,0,0,20250108,20251213
991,0,0,0,0,0,0,0,20250108,20251213
992,0,0,0,0,0,0,0,20250108,20251213
993,0,0,0,0,0,0,0,20250108,20251213
994,0,0,0,0,0,0,0,20250108,20251213
995,0,0,0,0,0,0,0,20250108,20251213
996,0,0,0,0,0,0,0,20250108,20251213
997,0,0,0,0,0,0,0,20250108,20251213
998,0,0,1,1,1,1,0,20250108,20251213
999,0,0,1,1,1,0,0,20250108,20251213
1000,0,0,0,0,0,0,0,20250108,20251213
1001,0,0,0,0,0,0,0,20250108,20251213
1002,0,0,0,0,0,0,0,20250108,20251213
1003,0,0,0,0,0,0,0,20250108,20251213
1004,0,0,0,0,0,0,0,20250108,20251213
1005,0,0,0,0,0,0,0,20250108,20251213
1006,0,0,0,0,0,0,0,20250108,20251213
1007,0,0,0,0,0,0,0,20250108,20251213
1008,0,0,0,0,0,0,0,20250108,20251213
1009,0,0,0,0,0,0,0,20250108,20251213
1010,0,0,0,0,0,0,0,20250108,20251213
1011,0,0,0,0,0,0,0,20250108,20251213
1012,0,0,0,0,0,0,0,20250108,20251213
1013,0,0,0,0,0,0,0,20250108,20251213
1014,0,0,0,0,0,0,0,20250108,20251213
1015,0,0,0,0,0,0,0,20250108,20251213
1016,0,0,0,0,0,0,0,20250108,20251213
1017,0,0,0,0,0,0,0,20250108,20251213
1018,0,0,0,0,0,0,0,20250108,20251213
1019,0,0,0,0,0,0,0,20250108,20251213
1020,0,0,0,0,0,0,0,20250108,20251213
1021,0,0,0,0,0,0,0,20250108,20251213
1022,0,0,0,0,0,0,0,20250108,20251213
1023,0,0,0,0,0,0,0,20250108,20251213
1024,0,0,0,0,0,0,0,20250108,20251213
1025,0,0,0,0,0,0,0,20250108,20251213
1026,0,0,0,0,0,0,0,20250108,20251213
1027,0,0,0,0,0,0,0,20250108,20251213
1028,0,0,0,0,0,0,0,20250108,20251213
1029,0,0,0,0,0,0,0,20250108,20251213
1030,0,0,0,0,0,0,0,20250108,20251213
1031,0,0,0,0,1,0,0,20250108,20251213
1032,0,0,0,0,0,0,0,20250108,20251213
1033,1,1,1,0,0,0,0,20250108,20251213
1034,0,0,0,0,0,0,0,20250108,20251213
1035,1,1,1,0,0,0,0,20250108,20251213
1036,0,0,0,0,0,0,0,20250108,20251213
1037,0,0,0,0,0,0,0,20250108,20251213
1038,1,1,1,0,0,0,0,20250108,20251213
1039,0,0,0,0,0,0,0,20250108,20251213
1040,0,0,0,0,0,0,0,20250108,20251213
1041,1,1,1,0,1,0,0,20250108,20251213
1042,0,0,1,0,0,0,0,20250108,20251213
1043,1,1,0,1,0,0,0,20250108,20251213
1044,0,0,1,0,1,0,0,20250108,20251213
1045,0,0,0,0,1,1,0,20250108,20251213
1046,1,1,1,1,0,0,1,20250108,20251213
1047,0,1,1,0,0,0,0,20250108,20251213
1048,0,0,0,0,0,0,0,20250108,20251213
1049,0,0,0,0,0,1,0,20250108,20251213
1050,0,0,0,0,0,0,0,20250108,20251213
1051,1,1,1,1,1,1,0,20250108,20251213
1052,1,1,1,1,0,0,1,20250108,20251213
1053,0,0,0,0,0,0,0,20250108,20251213
1054,0,0,0,0,0,0,1,20250108,20251213
1055,1,1,1,1,0,0,0,20250108,20251213
1056,0,0,0,0,1,1,0,20250108,20251213
1057,0,0,0,0,0,0,0,20250108,20251213
1058,0,0,0,0,0,0,0,20250108,20251213
1059,0,0,0,0,0,0,0,20250108,20251213
1060,0,0,0,0,0,0,0,20250108,20251213
1061,0,0,0,0,0,0,0,20250108,20251213
1062,0,0,0,0,0,0,0,20250108,20251213
1063,0,0,0,0,0,0,0,20250108,20251213
1064,0,0,0,0,0,0,0,20250108,20251213
1065,0,0,0,0,0,0,0,20250108,20251213
1066,0,0,0,0,0,0,0,20250108,20251213
1067,0,0,0,0,0,0,0,20250108,20251213
1068,1,1,1,1,1,1,1,20250108,20251213
1069,0,0,0,0,0,1,1,20250108,20251213
1070,1,1,1,1,1,1,0,20250108,20251213
1071,0,0,0,0,0,0,1,20250108,20251213
1072,0,0,0,0,0,0,0,20250108,20251213
1073,0,0,0,0,0,1,0,20250108,20251213
1074,0,0,0,0,0,0,0,20250108,20251213
1075,0,0,0,0,0,0,1,20250108,20251213
1076,0,0,0,0,0,1,1,20250108,20251213
1077,1,1,1,1,1,1,1,20250108,20251213
1078,0,0,0,0,0,0,0,20250108,20251213
1079,1,1,1,1,1,0,0,20250108,20251213
1080,0,0,0,0,0,1,1,20250108,20251213
1081,1,1,1,1,1,0,0,20250108,20251213
1082,0,0,0,0,0,1,0,20250108,20251213
1083,0,0,0,0,0,0,1,20250108,20251213
1084,1,1,1,1,1,1,1,20250108,20251213
1085,0,0,0,0,1,1,0,20250108,20251213
1086,1,1,1,1,1,0,0,20250108,20251213
1087,0,0,0,0,0,0,0,20250108,20251213
1088,0,0,0,0,0,0,0,20250108,20251213
1089,0,0,0,0,0,0,0,20250108,20251213
1090,0,0,0,0,0,0,0,20250108,20251213
1091,0,0,0,0,0,0,0,20250108,20251213
1092,0,0,0,0,0,0,0,20250108,20251213
1093,1,1,1,1,1,1,0,20250108,20251213
1094,0,0,0,0,0,0,0,20250108,20251213
1095,0,0,0,0,0,0,0,20250108,20251213
1096,0,0,0,0,0,0,0,20250108,20251213
1097,0,0,0,0,0,0,0,20250108,20251213
1098,0,0,0,0,0,0,0,20250108,20251213
1099,0,0,0,0,0,0,0,20250108,20251213
1100,0,0,0,0,0,0,0,20250108,20251213
1101,1,1,1,1,1,0,0,20250108,20251213
1102,0,0,0,0,0,0,0,20250108,20251213
1103,0,0,0,0,0,1,0,20250108,20251213
1104,0,0,0,0,0,0,0,20250108,20251213
1105,0,0,0,0,0,1,0,20250108,20251213
1106,0,0,0,0,0,0,0,20250108,20251213
1107,0,0,0,0,0,1,1,20250108,20251213
1108,0,0,0,0,0,0,1,20250108,20251213
1109,0,0,0,0,0,1,1,20250108,20251213
1110,0,0,0,0,0,0,0,20250108,20251213
1111,0,0,0,0,0,0,0,20250108,20251213
1112,0,0,0,0,0,0,0,20250108,20251213
1113,1,1,1,1,0,0,0,20250108,20251213
1114,0,0,0,0,0,0,0,20250108,20251213
1115,1,1,1,1,0,0,0,20250108,20251213
1116,1,1,1,1,1,0,0,20250108,20251213
1117,0,0,0,0,0,0,0,20250108,20251213
1118,0,0,0,0,0,1,0,20250108,20251213
1119,0,0,0,0,0,0,0,20250108,20251213
1120,0,0,0,0,0,0,0,20250108,20251213
1121,1,1,1,1,1,0,0,20250108,20251213
1122,1,1,1,1,1,1,0,20250108,20251213
1123,0,1,1,1,1,0,0,20250108,20251213
1124,1,0,0,0,0,0,0,20250108,20251213
1125,0,1,1,0,0,0,0,20250108,20251213
1126,1,0,0,1,1,0,0,20250108,20251213
1127,1,1,1,1,1,1,1,20250108,20251213
1128,0,1,1,1,0,0,0,20250108,20251213
1129,0,1,0,1,0,0,0,20250108,20251213
1130,0,0,0,1,0,0,0,20250108,20251213
1131,0,0,0,0,0,0,1,20250108,20251213
1132,0,0,1,0,0,0,0,20250108,20251213
1133,0,0,1,1,0,0,0,20250108,20251213
1134,1,0,0,0,1,0,0,20250108,20251213
1135,1,0,1,1,0,0,0,20250108,20251213
1136,0,0,0,0,0,0,0,20250108,20251213
1137,0,0,0,0,0,0,0,20250108,20251213
1138,0,0,0,0,0,0,0,20250108,20251213
1139,0,0,0,0,0,0,0,20250108,20251213
1140,0,0,0,0,0,0,0,20250108,20251213
1141,0,0,0,0,0,0,0,20250108,20251213
1142,0,0,0,0,0,0,0,20250108,20251213
1143,0,0,0,0,0,0,0,20250108,20251213
1144,0,0,0,0,0,0,0,20250108,20251213
1145,1,1,1,1,1,0,0,20250108,20251213
1146,1,1,1,1,1,1,1,20250108,20251213
1147,1,1,1,1,1,1,0,20250108,20251213
1148,1,1,1,1,1,0,0,20250108,20251213
1149,1,1,1,1,1,0,0,20250108,20251213
1150,0,0,0,0,0,0,0,20250108,20251213
1151,1,1,1,1,1,0,1,20250108,20251213
1152,1,1,1,1,1,0,1,20250108,20251213
1153,0,0,0,0,0,0,0,20250108,20251213
1154,0,0,0,0,0,0,0,20250108,20251213
1155,0,0,0,0,0,0,0,20250108,20251213
1156,0,0,0,0,0,0,0,20250108,20251213
1157,0,0,0,0,0,0,0,20250108,20251213
1158,0,0,0,0,0,0,0,20250108,20251213
1159,0,0,0,0,0,0,0,20250108,20251213
1160,0,0,0,0,0,0,0,20250108,20251213
1161,0,0,0,0,0,0,0,20250108,20251213
1162,0,0,0,0,0,0,0,20250108,20251213
1163,0,0,0,0,0,0,0,20250108,20251213
1164,0,0,0,0,0,0,0,20250108,20251213
1165,0,0,0,0,0,0,0,20250108,20251213
1166,0,0,0,0,0,0,0,20250108,20251213
1167,0,0,0,0,0,0,0,20250108,20251213
1168,0,0,0,0,0,0,0,20250108,20251213
1169,0,0,0,0,0,0,0,20250108,20251213
1170,0,0,0,0,1,1,0,20250108,20251213
1171,0,0,0,0,1,0,0,20250108,20251213
1172,1,1,1,1,0,1,1,20250108,20251213
1173,0,0,0,0,0,0,0,20250108,20251213
1174,0,0,0,0,0,0,0,20250108,20251213
1175,0,0,0,0,1,0,0,20250108,20251213
1176,0,0,0,0,1,1,0,20250108,20251213
1177,0,0,0,0,0,0,0,20250108,20251213
1178,1,1,1,1,0,1,0,20250108,20251213
1179,1,1,1,1,0,0,0,20250108,20251213
1180,0,0,0,0,0,0,0,20250108,20251213
1181,0,0,0,0,0,1,1,20250108,20251213
1182,1,1,1,1,1,0,0,20250108,20251213
1183,0,0,0,0,0,1,0,20250108,20251213
1184,1,1,1,1,1,0,1,20250108,20251213
1185,1,1,1,1,1,1,1,20250108,20251213
1186,0,0,0,0,0,0,0,20250108,20251213
1187,1,1,1,1,1,0,0,20250108,20251213
1188,1,1,1,1,1,0,0,20250108,20251213
1189,0,0,0,0,1,1,0,20250108,20251213
1190,0,0,0,0,0,1,1,20250108,20251213
1191,0,0,0,0,0,1,1,20250108,20251213
1192,0,0,0,0,0,0,1,20250108,20251213
1193,0,0,0,0,0,1,0,20250108,20251213
1194,1,1,1,1,1,1,0,20250108,20251213
1195,0,0,0,0,0,0,0,20250108,20251213
1196,0,0,0,0,0,0,0,20250108,20251213
1197,0,0,0,0,0,0,0,20250108,20251213
1198,0,0,0,0,0,0,0,20250108,20251213
1199,0,0,0,0,0,0,0,20250108,20251213
1200,0,0,0,0,0,1,0,20250108,20251213
1201,1,1,1,1,1,1,0,20250108,20251213
1202,1,1,1,1,1,0,1,20250108,20251213
1203,0,0,0,0,0,0,1,20250108,20251213
1204,0,0,0,0,0,0,1,20250108,20251213
1205,0,0,0,0,0,1,0,20250108,20251213
1206,1,1,1,1,1,1,0,20250108,20251213
1207,1,1,1,1,1,1,1,20250108,20251213
1208,1,1,1,1,1,0,1,20250108,20251213
1209,0,0,0,0,1,1,0,20250108,20251213
1210,0,0,0,0,0,0,0,20250108,20251213
1211,0,0,0,0,0,0,0,20250108,20251213
1212,0,0,0,0,0,0,0,20250108,20251213
1213,0,0,0,0,0,0,0,20250108,20251213
1214,0,0,0,0,0,0,0,20250108,20251213
1215,0,0,0,0,0,0,0,20250108,20251213
1216,0,0,0,0,0,1,1,20250108,20251213
1217,0,0,0,0,1,0,0,20250108,20251213
1218,0,0,0,0,0,1,0,20250108,20251213
1219,1,1,1,1,1,0,0,20250108,20251213
1220,0,0,0,0,0,0,0,20250108,20251213
1221,0,0,0,0,0,0,0,20250108,20251213
1222,1,1,1,1,1,0,0,20250108,20251213
1223,0,0,0,0,0,0,1,20250108,20251213
1224,1,1,1,1,1,0,0,20250108,20251213
1225,0,0,0,0,0,0,0,20250108,20251213
1226,1,1,1,1,1,0,0,20250108,20251213
1227,0,0,0,0,0,1,0,20250108,20251213
1228,0,0,0,0,0,0,1,20250108,20251213
1229,1,1,1,1,1,0,1,20250108,20251213
1230,0,0,0,0,0,0,0,20250108,20251213
1231,0,0,0,0,0,0,0,20250108,20251213
1232,1,1,1,1,1,0,0,20250108,20251213
1233,1,1,1,1,1,0,0,20250108,20251213
1234,0,0,0,0,0,1,1,20250108,20251213
1235,0,0,0,0,0,0,1,20250108,20251213
1236,1,1,1,1,1,1,1,20250108,20251213
1237,0,0,0,0,0,1,0,20250108,20251213
1238,0,0,0,0,0,0,1,20250108,20251213
1239,1,1,1,1,1,0,0,20250108,20251213
1240,1,1,1,1,1,1,1,20250108,20251213
1241,1,1,1,1,1,1,0,20250108,20251213
1242,0,0,0,0,0,1,1,20250108,20251213
1243,0,0,0,0,1,1,0,20250108,20251213
1244,0,0,0,0,0,0,0,20250108,20251213
1245,0,0,0,0,0,0,0,20250108,20251213
1246,0,0,0,0,0,0,0,20250108,20251213
1247,0,0,0,0,0,0,0,20250108,20251213
1248,0,0,0,0,0,0,0,20250108,20251213
1249,0,0,0,0,0,0,0,20250108,20251213
1250,0,0,0,0,0,0,0,20250108,20251213
1251,1,1,1,1,1,0,0,20250108,20251213
1252,0,0,0,0,0,1,0,20250108,20251213
1253,0,0,0,0,0,0,1,20250108,20251213
1254,1,1,1,1,1,0,1,20250108,20251213
1255,1,1,1,1,1,0,1,20250108,20251213
1256,0,0,0,0,1,1,0,20250108,20251213
1257,1,1,1,1,1,1,1,20250108,20251213
1258,1,1,1,1,1,1,0,20250108,20251213
1259,0,0,0,0,0,0,0,20250108,20251213
1260,0,0,0,0,1,1,0,20250108,20251213
1261,0,0,0,0,0,0,0,20250108,20251213
1262,0,0,0,0,0,0,0,20250108,20251213
1263,0,0,0,0,0,0,0,20250108,20251213
1264,0,0,0,0,0,1,0,20250108,20251213
1265,0,0,0,0,0,0,1,20250108,20251213
1266,1,1,1,1,1,0,0,20250108,20251213
1267,0,0,0,0,0,1,0,20250108,20251213
1268,1,1,1,1,1,1,0,20250108,20251213
1269,1,1,1,1,1,1,1,20250108,20251213
1270,0,0,0,0,0,0,1,20250108,20251213
1271,1,1,1,1,1,0,0,20250108,20251213
1272,0,0,0,0,0,0,0,20250108,20251213
1273,0,0,0,0,0,0,1,20250108,20251213
1274,0,0,0,0,0,1,0,20250108,20251213
1275,1,1,1,1,1,1,0,20250108,20251213
1276,1,1,1,1,1,0,1,20250108,20251213
1277,0,0,0,0,0,0,0,20250108,20251213
1278,0,0,0,0,0,0,0,20250108,20251213
1279,1,1,1,1,0,0,1,20250108,20251213
1280,0,0,0,0,0,0,0,20250108,20251213
1281,1,1,1,1,0,0,1,20250108,20251213
1282,0,0,0,0,0,0,0,20250108,20251213
1283,0,0,0,0,0,1,0,20250108,20251213
1284,1,1,1,1,0,0,0,20250108,20251213
1285,0,0,0,0,0,1,1,20250108,20251213
1286,1,1,1,1,1,0,0,20250108,20251213
1287,0,0,0,0,0,1,0,20250108,20251213
1288,1,1,1,1,1,0,1,20250108,20251213
1289,1,1,1,1,1,1,1,20250108,20251213
1290,0,0,0,0,0,0,0,20250108,20251213
1291,0,0,0,0,0,0,0,20250108,20251213
1292,0,0,0,0,0,0,0,20250108,20251213
1293,0,0,0,0,0,0,0,20250108,20251213
1294,0,0,0,0,0,0,1,20250108,20251213
1295,0,0,0,0,0,0,0,20250108,20251213
1296,0,0,0,0,0,0,0,20250108,20251213
1297,0,0,0,0,0,0,0,20250108,20251213
1298,1,1,1,1,1,0,0,20250108,20251213
1299,0,0,0,0,0,1,0,20250108,20251213
1300,0,0,0,0,0,1,1,20250108,20251213
1301,1,1,1,1,1,1,0,20250108,20251213
1302,0,0,0,0,0,0,1,20250108,20251213
1303,1,1,1,1,1,1,1,20250108,20251213
1304,0,0,0,0,0,0,0,20250108,20251213
1305,0,0,0,0,0,0,0,20250108,20251213
1306,1,1,1,1,0,0,0,20250108,20251213
1307,1,1,1,1,1,0,0,20250108,20251213
1308,0,0,0,0,0,0,0,20250108,20251213
1309,0,0,0,0,0,0,0,20250108,20251213
1310,0,0,0,0,0,1,1,20250108,20251213
1311,0,0,0,0,0,1,1,20250108,20251213
1312,1,1,1,1,1,1,1,20250108,20251213
1313,0,0,0,0,0,0,0,20250108,20251213
1314,0,0,0,0,0,0,0,20250108,20251213
1315,0,0,0,0,0,0,0,20250108,20251213
1316,1,1,1,1,1,0,1,20250108,20251213
1317,0,0,0,0,0,0,0,20250108,20251213
1318,0,0,0,0,0,0,0,20250108,20251213
1319,0,0,0,0,0,0,0,20250108,20251213
1320,0,0,0,0,0,0,0,20250108,20251213
1321,0,0,0,0,0,0,0,20250108,20251213
1322,0,0,0,0,0,0,0,20250108,20251213
1323,0,0,0,0,0,0,1,20250108,20251213
1324,0,0,0,0,0,1,0,20250108,20251213
1325,0,1,1,0,0,0,0,20250108,20251213
1326,1,1,1,1,1,0,1,20250108,20251213
1327,1,1,1,1,1,1,1,20250108,20251213
1328,0,1,1,0,0,1,0,20250108,20251213
1329,0,0,0,0,0,0,0,20250108,20251213
1330,1,1,1,1,1,0,0,20250108,20251213
1331,0,0,0,0,0,1,0,20250108,20251213
1332,0,0,0,0,0,0,1,20250108,20251213
1333,1,1,1,1,1,0,0,20250108,20251213
1334,0,0,0,0,0,0,1,20250108,20251213
1335,0,0,0,0,0,1,0,20250108,20251213
1336,1,1,1,1,1,1,1,20250108,20251213
1337,1,1,1,1,0,0,1,20250108,20251213
1338,0,0,0,0,0,1,1,20250108,20251213
1339,0,0,0,0,0,1,0,20250108,20251213
1340,0,0,0,0,1,0,0,20250108,20251213
1341,1,1,1,1,0,0,1,20250108,20251213
1342,0,0,0,0,0,0,0,20250108,20251213
1343,0,0,0,0,0,0,0,20250108,20251213
1344,0,0,0,0,0,0,0,20250108,20251213
1345,0,0,0,0,0,0,0,20250108,20251213
1346,0,0,0,0,0,0,0,20250108,20251213
1347,0,0,0,0,0,0,0,20250108,20251213
1348,0,0,0,0,0,0,0,20250108,20251213
1349,0,0,0,0,0,0,0,20250108,20251213
1350,0,0,0,0,0,0,0,20250108,20251213
1351,1,1,1,1,1,1,0,20250108,20251213
1352,0,0,0,0,0,0,0,20250108,20251213
1353,0,0,0,0,0,0,0,20250108,20251213
1354,0,0,0,0,0,0,0,20250108,20251213
1355,0,0,0,0,0,0,0,20250108,20251213
1356,0,0,0,0,0,0,0,20250108,20251213
1357,0,0,0,0,1,1,0,20250108,20251213
1358,0,0,0,0,0,0,0,20250108,20251213
1359,1,1,1,1,1,1,0,20250108,20251213
1360,1,1,1,1,0,0,1,20250108,20251213
1361,0,0,0,0,0,0,0,20250108,20251213
1362,0,0,0,0,1,1,0,20250108,20251213
1363,0,0,0,0,0,0,1,20250108,20251213
1364,1,1,1,1,1,1,0,20250108,20251213
1365,0,0,0,0,0,0,0,20250108,20251213
1366,0,0,0,0,0,0,0,20250108,20251213
1367,0,0,0,0,0,0,0,20250108,20251213
1368,0,0,0,0,0,1,0,20250108,20251213
1369,0,0,0,0,0,0,1,20250108,20251213
1370,0,0,0,0,1,0,0,20250108,20251213
1371,0,0,0,0,0,1,0,20250108,20251213
1372,0,0,0,0,0,0,0,20250108,20251213
1373,0,0,0,0,1,1,0,20250108,20251213
1374,0,0,0,0,0,0,0,20250108,20251213
1375,0,0,0,0,0,0,0,20250108,20251213
1376,0,0,0,0,0,0,0,20250108,20251213
1377,1,1,1,1,1,1,0,20250108,20251213
1378,1,1,1,1,1,0,1,20250108,20251213
1379,1,1,1,1,0,0,0,20250108,20251213
1380,0,1,1,1,0,0,0,20250108,20251213
1381,1,0,0,0,1,0,0,20250108,20251213
1382,1,1,1,1,0,0,0,20250108,20251213
1383,0,0,0,0,0,0,0,20250108,20251213
1384,0,0,1,0,0,0,0,20250108,20251213
1385,0,0,0,0,0,0,0,20250108,20251213
1386,0,0,0,0,1,0,0,20250108,20251213
1387,0,0,0,0,0,0,0,20250108,20251213
1388,0,0,0,1,0,0,0,20250108,20251213
1389,0,0,0,0,0,0,0,20250108,20251213
1390,0,1,0,0,0,0,0,20250108,20251213
1391,0,0,0,0,0,0,0,20250108,20251213
1392,1,0,0,0,0,0,0,20250108,20251213
1393,0,0,0,0,0,0,0,20250108,20251213
1394,0,0,0,0,0,0,0,20250108,20251213
1395,1,1,1,1,1,0,0,20250108,20251213
1396,1,1,0,1,1,0,0,20250108,20251213
1397,0,0,0,0,0,0,0,20250108,20251213
1398,1,1,0,1,1,0,0,20250108,20251213
1399,0,0,0,0,0,0,0,20250108,20251213
1400,1,1,1,1,1,0,0,20250108,20251213
1401,1,1,1,1,1,0,0,20250108,20251213
